[ -142.82692308 -1000.           -47.68396226 -1000.        ] s
[ -137.7173913  -1000.           -33.70430108  -142.13157895] s
[ -129.51219512 -1000.           -31.95299145  -138.12121212] s
[  -31.34275618 -1000.          -133.5         -132.475     ] e
[-126.66666667 -127.98039216  -25.68188105 -137.41666667] s
[ -21.83428107 -127.51020408 -131.66666667 -123.11864407] e
[ -21.25490196 -124.2745098  -122.0625     -123.59090909] e
[ -17.66734694 -119.55555556 -124.79069767 -119.53488372] e
[ -16.25025407 -118.66666667 -117.68421053 -117.78181818] e
[  -15.01367139  -115.93877551 -1000.          -113.91666667] e
[ -13.56020942  -99.78947368 -137.69811321 -117.76315789] e
[ -12.56007394 -127.28571429 -116.73333333 -120.66666667] e
[ -11.41518677 -121.31707317 -123.07692308 -117.7027027 ] e
[ -10.42746284 -109.4        -116.46666667 -125.11538462] e
[   -9.33632229  -116.13333333  -111.54545455 -1000.        ] e
[ -95.66666667 -114.88888889 -103.28571429   -8.24824737] n
[   -7.29464837 -1000.           -99.27272727  -107.83333333] e
[-91.46666667 -88.875      -98.31034483  -6.14616657] n
[  -5.18367347 -108.875      -100.94444444  -94.15      ] e
[ -4.12835388 -87.95238095 -93.54545455 -69.66666667] e
[ -3.05885472 -84.         -79.68421053 -59.3125    ] e
[-1000.           -65.4375       -75.68421053    -2.06384656] n
[-1000.      -61.375   -72.5      -1.   ] n

