[0.025 0.025 0.925 0.025] s
[0.925 0.025 0.025 0.025] e
[0.925 0.025 0.025 0.025] e
[0.925 0.025 0.025 0.025] e
[0.925 0.025 0.025 0.025] e
[0.025 0.025 0.925 0.025] s
[0.025 0.025 0.925 0.025] s
[0.925 0.025 0.025 0.025] e
[0.925 0.025 0.025 0.025] e
[0.925 0.025 0.025 0.025] e
[0.925 0.025 0.025 0.025] e
[0.025 0.025 0.925 0.025] s
[0.925 0.025 0.025 0.025] e
[0.925 0.025 0.025 0.025] e
[0.925 0.025 0.025 0.025] e
[0.025 0.025 0.025 0.925] n
[0.925 0.025 0.025 0.025] e
[0.925 0.025 0.025 0.025] e
[0.925 0.025 0.025 0.025] e
[0.025 0.025 0.025 0.925] n
[0.025 0.025 0.025 0.925] n
[0.925 0.025 0.025 0.025] e
[0.025 0.025 0.025 0.925] n
