[-1657.03418384 -1665.69322004 -1669.61790357 -1666.94767545] e
[-1657.82502804 -1665.39490132 -1659.54984846 -1675.09741584] e
[-1648.29459459 -1670.96888101 -1650.70059598 -1656.47513812] e
[-1646.59792645 -1658.66512592 -1644.96462264 -1649.48619247] s
[-1629.44063325 -1648.50525827 -1620.76794833 -1649.60927152] s
[-1610.87841044 -1645.10844283 -1604.82025906 -1640.3187481 ] s
[-1566.722764   -1631.9539823  -1623.03704784 -1631.85246385] e
[-1487.12137134 -1619.08884387 -1584.22704438 -1612.07656613] e
[-1391.63539579 -1573.59768673 -1472.22953216 -1484.40700312] e
[-1333.29010628 -1478.63794708 -1388.26408997 -1366.27153266] e
[-1305.83726628 -1398.66293614 -1328.62508039 -1356.14768944] e
[-1262.33178114 -1339.0084266  -1266.41483272 -1321.44896321] e
[-1257.62747875 -1296.68013872 -1163.12761836 -1298.11372335] s
[-1007.03957399 -1268.82790277 -1162.99433148 -1248.71222644] e
[ -817.91216216 -1174.86587615 -1016.77002875 -1004.25635104] e
[-731.85811633 -996.10040486 -853.85241698 -694.48130004] n
[-650.36007615 -692.09381898 -826.20310055 -587.91162917] n
[-558.68479401 -599.33921772 -687.83685372 -535.7536254 ] n
[-495.18187734 -536.97043853 -599.69633328 -500.5737151 ] e
[-443.71312231 -532.44495251 -572.55001662 -455.7103228 ] e
[-355.44213244 -498.85666372 -522.33983431 -396.37352599] e
[-268.01313198 -442.08645972 -460.52714932 -251.58998669] n
[  -1.         -387.14427229 -367.66197855 -261.89528377] e

